{
  "property": "apartment-1112",
  "solved": "2026-07-11",
  "method": "dense_localize stage2 (LoFTR tile PnP)",
  "frame": "raw SLAM units; x2.617 ft/unit; y=vertical(up-negative)",
  "panos": {
    "kitchen": {
      "center_units": [
        1.141,
        -0.474,
        -1.698
      ],
      "spread_units": 0.041,
      "n_pairs": 470,
      "n_tiles": 3,
      "R_rig_w_best": [
        [
          -0.4619,
          -0.0101,
          -0.8869
        ],
        [
          -0.0225,
          0.9997,
          0.0004
        ],
        [
          0.8866,
          0.0201,
          -0.462
        ]
      ]
    },
    "living": {
      "center_units": [
        6.232,
        -0.277,
        -4.846
      ],
      "spread_units": 0.078,
      "n_pairs": 10619,
      "n_tiles": 24,
      "R_rig_w_best": [
        [
          -0.4312,
          0.0384,
          -0.9014
        ],
        [
          0.0108,
          0.9992,
          0.0374
        ],
        [
          0.9022,
          0.0064,
          -0.4313
        ]
      ]
    },
    "guest-bath": {
      "center_units": [
        6.087,
        -0.187,
        1.426
      ],
      "spread_units": 0.178,
      "n_pairs": 4152,
      "n_tiles": 22,
      "R_rig_w_best": [
        [
          0.6767,
          -0.0225,
          0.7359
        ],
        [
          0.0625,
          0.9977,
          -0.027
        ],
        [
          -0.7336,
          0.0642,
          0.6765
        ]
      ]
    },
    "bonus": {
      "center_units": [
        9.019,
        -0.261,
        -1.139
      ],
      "spread_units": 0.111,
      "n_pairs": 13377,
      "n_tiles": 24,
      "R_rig_w_best": [
        [
          -0.0199,
          -0.0255,
          -0.9995
        ],
        [
          0.0003,
          0.9997,
          -0.0255
        ],
        [
          0.9998,
          -0.0008,
          -0.0199
        ]
      ]
    },
    "bedroom": {
      "center_units": [
        4.446,
        -0.165,
        -8.738
      ],
      "spread_units": 0.532,
      "n_pairs": 1281,
      "n_tiles": 16,
      "R_rig_w_best": [
        [
          -0.757,
          -0.0126,
          -0.6532
        ],
        [
          -0.0012,
          0.9998,
          -0.018
        ],
        [
          0.6534,
          -0.0128,
          -0.7569
        ]
      ]
    },
    "primary-bath": {
      "center_units": [
        0.502,
        -0.211,
        -7.349
      ],
      "spread_units": 0.066,
      "n_pairs": 14676,
      "n_tiles": 23,
      "R_rig_w_best": [
        [
          0.4363,
          0.023,
          0.8995
        ],
        [
          -0.0124,
          0.9997,
          -0.0195
        ],
        [
          -0.8997,
          -0.0027,
          0.4365
        ]
      ]
    }
  }
}